0 0 0 0 0 0 17 17 0 3 3 9 27 92 28 9 
3 108 110 110 111 110 110 109 0 0 3 9 27 54 28 9 
0 137 42 45 137 296 295 137 0 2 17 9 27 92 28 9 
0 137 41 41 137 11 11 137 0 0 0 9 27 54 28 9 
3 137 42 45 114 11 141 136 182 17 17 9 27 92 28 9 
3 137 41 41 41 41 41 41 0 17 17 9 27 54 28 9 
0 137 42 45 42 45 42 140 182 17 0 9 27 92 28 9 
17 137 48 49 41 41 41 137 0 17 0 9 27 54 28 9 
17 137 75 76 42 45 42 137 0 2 3 9 27 92 28 9 
17 137 102 103 41 41 41 137 0 0 0 9 27 54 28 9 
0 135 110 110 110 110 110 136 2 0 17 9 27 92 28 9 
3 3 2 0 0 2 0 0 0 0 17 9 27 54 28 9 
17 17 3 2 2 0 0 17 2 17 3 9 27 92 28 9 
0 0 17 3 0 180 181 17 3 17 3 9 27 54 28 9 
3 0 0 0 3 207 208 17 17 17 0 9 27 92 28 9 
0 3 0 0 0 0 0 0 0 3 3 9 27 54 28 9 
